camera_matrix:
- [555.2500254632114, 0.0, 255.2434918750191]
- [0.0, 557.924617145851, 273.1090895316169]
- [0.0, 0.0, 1.0]
dist_coeff:
- [2.2427186408638407, -17.55248412316872, -0.02020236823348286, -0.05084668112939806,
  35.18471988069602]
